# Migration is number of nodes that have changed color.

Round		Edge-Cut		Swaps		Migrations		Skipped
0		4430		2295		1251
1		3891		4400		1370
2		3682		6384		1447
3		3519		8327		1514
4		3386		10221		1551
5		3300		12042		1550
6		3162		13788		1572
7		3054		15474		1566
8		2964		17109		1606
9		2907		18675		1620
10		2881		20257		1642
11		2833		21797		1637
12		2762		23274		1641
13		2733		24744		1661
14		2667		26182		1669
15		2643		27590		1649
16		2614		28949		1670
17		2587		30281		1670
18		2545		31600		1671
19		2501		32871		1656
20		2467		34108		1659
21		2437		35334		1677
22		2420		36525		1673
23		2387		37713		1687
24		2376		38858		1686
25		2357		39996		1686
26		2335		41113		1687
27		2315		42215		1694
28		2300		43290		1685
29		2267		44353		1701
30		2263		45397		1702
31		2251		46434		1696
32		2240		47461		1704
33		2225		48487		1703
34		2221		49488		1704
35		2210		50492		1692
36		2203		51472		1697
37		2188		52450		1698
38		2188		53415		1688
39		2180		54376		1692
40		2166		55331		1697
41		2158		56269		1698
42		2160		57200		1708
43		2150		58122		1704
44		2145		59037		1707
45		2141		59949		1704
46		2143		60860		1703
47		2139		61766		1699
48		2130		62665		1701
49		2121		63551		1704
50		2116		64430		1703
51		2113		65305		1701
52		2117		66179		1702
53		2112		67053		1702
54		2111		67919		1704
55		2103		68783		1701
56		2100		69642		1705
57		2095		70495		1702
58		2095		71348		1705
59		2090		72198		1707
60		2088		73041		1709
61		2084		73882		1709
62		2082		74719		1712
63		2079		75554		1709
64		2077		76383		1711
65		2073		77209		1710
66		2072		78030		1715
67		2069		78847		1716
68		2067		79664		1717
69		2064		80476		1713
70		2061		81282		1716
71		2060		82084		1716
72		2055		82884		1719
73		2052		83681		1718
74		2051		84473		1719
75		2051		85264		1716
76		2051		86054		1717
77		2049		86844		1716
78		2048		87629		1717
79		2044		88411		1717
80		2044		89192		1717
81		2043		89969		1716
82		2041		90750		1721
83		2039		91527		1717
84		2040		92301		1716
85		2038		93079		1716
86		2036		93852		1718
87		2034		94626		1717
88		2033		95397		1717
89		2031		96165		1716
90		2032		96930		1717
91		2030		97694		1714
92		2030		98458		1718
93		2027		99217		1718
94		2025		99974		1719
95		2024		100730		1723
96		2023		101484		1725
97		2022		102238		1723
98		2021		102992		1724
99		2018		103741		1727
100		2015		104486		1728
101		2014		105229		1727
102		2015		105976		1725
103		2012		106718		1723
104		2011		107455		1724
105		2010		108190		1724
106		2007		108923		1725
107		2005		109652		1727
108		2004		110379		1727
109		2000		111106		1727
110		2000		111826		1728
111		1997		112547		1728
112		1997		113265		1728
113		1996		113981		1729
114		1995		114699		1726
115		1995		115413		1726
116		1994		116126		1725
117		1994		116839		1724
118		1994		117551		1724
119		1994		118263		1724
120		1991		118972		1727
121		1989		119683		1728
122		1989		120391		1728
123		1989		121100		1728
124		1986		121808		1729
125		1986		122513		1729
126		1984		123218		1730
127		1984		123923		1730
128		1983		124629		1728
129		1982		125333		1729
130		1980		126032		1727
131		1981		126733		1725
132		1979		127431		1727
133		1979		128129		1727
134		1978		128827		1726
135		1978		129523		1726
136		1976		130220		1728
137		1976		130916		1728
138		1976		131612		1728
139		1976		132308		1728
140		1976		133004		1728
141		1976		133700		1728
142		1976		134396		1728
143		1976		135092		1728
144		1976		135788		1728
145		1976		136484		1728
146		1976		137180		1728
147		1976		137876		1728
148		1976		138572		1728
149		1976		139268		1728
150		1976		139964		1728
151		1975		140661		1728
152		1975		141356		1729
153		1975		142051		1728
154		1975		142746		1729
155		1975		143442		1727
156		1975		144138		1727
157		1975		144834		1727
158		1975		145530		1727
159		1975		146226		1727
160		1975		146922		1727
161		1975		147618		1727
162		1975		148314		1727
163		1974		149011		1725
164		1974		149705		1725
165		1974		150399		1725
166		1973		151092		1727
167		1971		151783		1726
168		1971		152473		1725
169		1969		153163		1729
170		1968		153849		1728
171		1969		154538		1727
172		1969		155226		1727
173		1969		155914		1727
174		1969		156602		1727
175		1968		157289		1727
176		1968		157975		1727
177		1967		158662		1729
178		1966		159345		1728
179		1966		160027		1728
180		1963		160706		1729
181		1963		161385		1728
182		1963		162063		1728
183		1963		162741		1728
184		1962		163420		1729
185		1962		164096		1729
186		1962		164772		1729
187		1962		165448		1729
188		1961		166123		1729
189		1960		166796		1729
190		1960		167468		1729
191		1960		168140		1729
192		1960		168812		1729
193		1960		169484		1729
194		1960		170156		1729
195		1960		170828		1729
196		1960		171502		1728
197		1958		172173		1728
198		1957		172840		1729
199		1957		173506		1729
200		1957		174172		1729
201		1956		174839		1729
202		1954		175503		1729
203		1954		176166		1728
204		1954		176829		1729
205		1952		177490		1725
206		1950		178148		1727
207		1950		178805		1726
208		1949		179461		1729
209		1948		180115		1729
210		1945		180765		1732
211		1944		181415		1730
212		1943		182062		1728
213		1942		182706		1729
214		1941		183347		1730
215		1941		183989		1730
216		1940		184629		1732
217		1938		185265		1733
218		1935		185896		1733
219		1934		186523		1733
220		1930		187147		1733
221		1931		187767		1733
222		1930		188387		1734
223		1929		189005		1734
224		1929		189623		1734
225		1929		190241		1734
226		1928		190858		1735
227		1927		191473		1735
228		1926		192086		1733
229		1926		192698		1733
230		1924		193308		1731
231		1924		193916		1731
232		1924		194524		1731
233		1923		195131		1732
234		1922		195736		1733
235		1921		196339		1733
236		1921		196942		1732
237		1920		197543		1733
238		1919		198142		1733
239		1918		198741		1733
240		1916		199337		1734
241		1913		199933		1733
242		1912		200522		1734
243		1911		201109		1735
244		1911		201696		1737
245		1910		202282		1735
246		1910		202867		1735
247		1910		203451		1735
248		1909		204034		1734
249		1908		204615		1735
250		1908		205195		1735
251		1908		205775		1735
252		1908		206355		1735
253		1907		206934		1734
254		1906		207511		1734
255		1906		208087		1734
256		1906		208663		1734
257		1906		209239		1734
258		1904		209813		1736
259		1904		210385		1736
260		1903		210956		1736
261		1902		211525		1735
262		1901		212092		1737
263		1900		212659		1737
264		1899		213222		1739
265		1899		213784		1739
266		1898		214345		1739
267		1897		214904		1739
268		1897		215462		1739
269		1896		216022		1739
270		1896		216580		1739
271		1896		217138		1739
272		1895		217695		1738
273		1893		218251		1737
274		1893		218803		1737
275		1891		219353		1739
276		1892		219903		1737
277		1891		220453		1738
278		1889		221005		1738
279		1890		221553		1738
280		1890		222102		1738
281		1890		222651		1737
282		1890		223199		1737
283		1890		223747		1737
284		1890		224295		1737
285		1889		224843		1738
286		1889		225391		1738
287		1889		225939		1738
288		1889		226487		1738
289		1889		227035		1738
290		1889		227583		1738
291		1889		228131		1738
292		1889		228679		1738
293		1889		229227		1738
294		1889		229775		1738
295		1889		230323		1738
296		1889		230871		1738
297		1889		231419		1738
298		1889		231967		1738
299		1889		232515		1738
300		1889		233063		1738
301		1889		233611		1738
302		1889		234159		1738
303		1889		234707		1738
304		1889		235255		1738
305		1889		235803		1738
306		1889		236351		1738
307		1889		236899		1738
308		1889		237447		1738
309		1889		237995		1738
310		1889		238543		1738
311		1889		239091		1738
312		1889		239639		1738
313		1889		240187		1738
314		1889		240735		1738
315		1889		241283		1738
316		1889		241831		1738
317		1889		242379		1738
318		1889		242927		1738
319		1889		243475		1738
320		1889		244023		1738
321		1889		244571		1738
322		1889		245119		1738
323		1889		245667		1738
324		1889		246215		1738
325		1889		246763		1738
326		1889		247311		1738
327		1889		247859		1738
328		1889		248407		1738
329		1889		248955		1738
330		1889		249503		1738
331		1889		250051		1738
332		1889		250599		1738
333		1889		251147		1738
334		1889		251695		1738
335		1889		252243		1738
336		1889		252791		1738
337		1889		253339		1738
338		1889		253887		1738
339		1889		254435		1738
340		1889		254983		1738
341		1889		255531		1738
342		1889		256079		1738
343		1889		256627		1738
344		1889		257175		1738
345		1889		257723		1738
346		1889		258271		1738
347		1889		258819		1738
348		1889		259367		1738
349		1889		259915		1738
350		1888		260462		1739
351		1888		261008		1739
352		1888		261554		1739
353		1888		262100		1739
354		1888		262646		1739
355		1888		263192		1739
356		1888		263738		1739
357		1888		264284		1739
358		1887		264829		1737
359		1884		265372		1738
360		1883		265916		1738
361		1883		266458		1738
362		1883		267000		1738
363		1883		267542		1738
364		1882		268083		1738
365		1881		268622		1738
366		1880		269159		1736
367		1880		269695		1736
368		1880		270231		1736
369		1880		270767		1736
370		1879		271302		1737
371		1879		271836		1737
372		1879		272370		1737
373		1879		272904		1737
374		1877		273436		1736
375		1877		273970		1735
376		1877		274502		1735
377		1876		275033		1736
378		1875		275562		1735
379		1875		276090		1735
380		1875		276618		1735
381		1875		277146		1735
382		1875		277674		1735
383		1875		278202		1735
384		1875		278730		1735
385		1875		279258		1735
386		1875		279786		1735
387		1875		280314		1735
388		1875		280842		1735
389		1875		281370		1735
390		1875		281898		1735
391		1875		282426		1735
392		1875		282954		1735
393		1875		283482		1735
394		1875		284010		1735
395		1875		284538		1735
396		1874		285065		1736
397		1873		285590		1736
398		1873		286114		1736
399		1873		286638		1736
400		1873		287162		1736
401		2058		287924		1736
402		2162		288881		1733
403		2204		289915		1728
404		2253		291002		1735
405		2244		292084		1730
406		2237		293166		1725
407		2233		294237		1726
408		2233		295314		1730
409		2215		296373		1747
410		2213		297422		1739
411		2207		298472		1732
412		2201		299509		1729
413		2191		300545		1734
414		2191		301572		1728
415		2182		302592		1737
416		2167		303596		1734
417		2161		304605		1743
418		2152		305599		1738
419		2153		306579		1737
420		2139		307550		1731
421		2136		308511		1731
422		2125		309466		1731
423		2127		310410		1735
424		2116		311354		1726
425		2115		312290		1730
426		2115		313222		1733
427		2108		314152		1731
428		2105		315067		1732
429		2101		315987		1733
430		2099		316898		1736
431		2098		317806		1739
432		2095		318709		1738
433		2092		319613		1736
434		2092		320512		1731
435		2084		321411		1737
436		2082		322302		1740
437		2080		323185		1739
438		2076		324062		1735
439		2075		324940		1736
440		2079		325822		1735
441		2071		326712		1745
442		2071		327593		1747
443		2064		328471		1742
444		2060		329347		1742
445		2060		330213		1740
446		2056		331082		1745
447		2056		331950		1745
448		2053		332818		1744
449		2053		333683		1745
450		2048		334553		1746
451		2051		335416		1750
452		2050		336280		1747
453		2050		337144		1751
454		2047		338006		1749
455		2049		338866		1752
456		2046		339727		1747
457		2046		340585		1752
458		2042		341436		1749
459		2042		342284		1753
460		2039		343131		1753
461		2040		343974		1755
462		2037		344817		1751
463		2033		345653		1754
464		2032		346485		1750
465		2030		347316		1754
466		2029		348147		1752
467		2030		348978		1754
468		2026		349809		1751
469		2027		350638		1753
470		2026		351467		1751
471		2027		352296		1753
472		2026		353127		1751
473		2026		353954		1752
474		2024		354781		1753
475		2025		355607		1754
476		2023		356432		1753
477		2025		357258		1753
478		2023		358082		1752
479		2023		358905		1754
480		2020		359725		1753
481		2020		360546		1753
482		2018		361362		1752
483		2017		362175		1752
484		2014		362986		1752
485		2014		363792		1753
486		2014		364598		1752
487		2014		365404		1753
488		2014		366210		1752
489		2014		367016		1753
490		2014		367822		1752
491		2013		368627		1754
492		2012		369432		1752
493		2011		370233		1754
494		2010		371032		1751
495		2010		371830		1752
496		2009		372627		1750
497		2009		373423		1751
498		2008		374218		1751
499		2008		375012		1752
500		2008		375806		1751
501		2008		376600		1752
502		2008		377394		1751
503		2008		378188		1752
504		2008		378982		1751
505		2007		379775		1751
506		2006		380566		1751
507		2006		381356		1752
508		2006		382146		1751
509		2006		382936		1752
510		2004		383724		1755
511		2004		384510		1756
512		2004		385296		1755
513		2004		386082		1756
514		2004		386868		1755
515		2002		387652		1753
516		2002		388434		1752
517		2001		389215		1753
518		2001		389999		1753
519		2001		390781		1754
520		2001		391563		1753
521		2001		392345		1754
522		2001		393127		1753
523		2001		393909		1754
524		2001		394691		1753
525		2001		395473		1754
526		2001		396255		1753
527		2001		397037		1754
528		2001		397819		1753
529		2001		398601		1754
530		2001		399383		1753
531		2001		400165		1754
532		2001		400947		1753
533		2001		401729		1754
534		2001		402511		1753
535		1999		403291		1757
536		1999		404069		1756
537		1998		404846		1756
538		1998		405622		1755
539		1998		406398		1756
540		1998		407174		1755
541		1998		407950		1756
542		1998		408726		1755
543		1998		409502		1756
544		1998		410278		1755
545		1998		411054		1756
546		1998		411830		1755
547		1997		412605		1755
548		1995		413377		1754
549		1995		414147		1755
550		1995		414917		1754
551		1994		415686		1755
552		1994		416454		1754
553		1994		417222		1755
554		1994		417990		1754
555		1994		418758		1755
556		1994		419526		1754
557		1994		420294		1755
558		1994		421062		1754
559		1993		421829		1755
560		1993		422595		1754
561		1993		423361		1755
562		1993		424127		1754
563		1992		424892		1753
564		1992		425656		1752
565		1992		426420		1753
566		1992		427184		1752
567		1992		427948		1753
568		1992		428712		1752
569		1992		429476		1753
570		1991		430239		1751
571		1991		431001		1752
572		1991		431763		1751
573		1991		432525		1752
574		1990		433286		1751
575		1990		434046		1752
576		1990		434806		1751
577		1988		435564		1750
578		1988		436320		1749
579		1988		437076		1750
580		1988		437832		1749
581		1988		438588		1750
582		1988		439344		1749
583		1988		440100		1750
584		1988		440856		1749
585		1988		441612		1750
586		1988		442368		1749
587		1988		443124		1750
588		1988		443880		1749
589		1988		444637		1750
590		1987		445392		1748
591		1985		446143		1749
592		1984		446893		1748
593		1985		447643		1749
594		1984		448393		1748
595		1985		449143		1749
596		1984		449893		1748
597		1984		450642		1750
598		1983		451390		1749
599		1984		452138		1750
600		1983		452886		1749
601		1984		453634		1750
602		1983		454382		1749
603		1984		455130		1750
604		1983		455878		1749
605		1984		456626		1750
606		1983		457374		1749
607		1983		458123		1750
608		1982		458869		1747
609		1981		459613		1751
610		1981		460356		1749
611		1981		461099		1751
612		1981		461842		1749
613		1981		462585		1751
614		1979		463326		1748
615		1979		464065		1750
616		1979		464804		1748
617		1979		465543		1750
618		1978		466281		1750
619		1978		467018		1752
620		1978		467755		1750
621		1978		468492		1752
622		1977		469228		1751
623		1977		469964		1753
624		1977		470700		1750
625		1976		471434		1754
626		1975		472169		1752
627		1975		472902		1754
628		1974		473634		1750
629		1974		474365		1752
630		1974		475096		1750
631		1973		475826		1752
632		1973		476555		1750
633		1973		477284		1752
634		1973		478013		1750
635		1973		478742		1752
636		1973		479471		1750
637		1973		480200		1752
638		1973		480929		1750
639		1973		481658		1752
640		1973		482387		1750
641		1973		483116		1752
642		1973		483845		1750
643		1973		484574		1752
644		1973		485303		1750
645		1973		486032		1752
646		1973		486761		1750
647		1973		487490		1752
648		1973		488219		1750
649		1973		488948		1752
650		1973		489677		1750
651		1973		490406		1752
652		1973		491135		1750
653		1973		491864		1752
654		1973		492593		1750
655		1973		493322		1752
656		1973		494051		1750
657		1973		494780		1752
658		1973		495509		1750
659		1973		496238		1752
660		1973		496967		1750
661		1973		497696		1752
662		1973		498425		1750
663		1973		499154		1752
664		1973		499883		1750
665		1973		500612		1752
666		1973		501341		1750
667		1973		502070		1752
668		1973		502799		1750
669		1973		503528		1752
670		1972		504256		1749
671		1972		504983		1751
672		1972		505710		1749
673		1972		506437		1751
674		1972		507164		1749
675		1972		507891		1751
676		1972		508618		1749
677		1972		509345		1751
678		1972		510072		1749
679		1972		510799		1751
680		1972		511526		1749
681		1972		512253		1751
682		1972		512980		1749
683		1972		513707		1751
684		1972		514434		1749
685		1972		515161		1751
686		1972		515888		1749
687		1972		516615		1751
688		1972		517342		1749
689		1972		518069		1751
690		1972		518796		1749
691		1972		519523		1751
692		1972		520250		1749
693		1971		520978		1752
694		1971		521705		1750
695		1970		522431		1751
696		1970		523156		1749
697		1970		523881		1751
698		1970		524606		1749
699		1970		525331		1751
700		1970		526056		1749
701		1970		526781		1751
702		1970		527506		1749
703		1970		528231		1751
704		1969		528955		1749
705		1969		529678		1751
706		1968		530400		1748
707		1968		531121		1750
708		1968		531842		1748
709		1968		532563		1750
710		1968		533284		1748
711		1968		534005		1750
712		1968		534726		1748
713		1968		535447		1750
714		1968		536168		1748
715		1968		536889		1750
716		1968		537610		1748
717		1968		538331		1750
718		1968		539052		1748
719		1968		539773		1750
720		1968		540494		1748
721		1968		541215		1750
722		1968		541936		1748
723		1968		542657		1750
724		1968		543378		1748
725		1968		544099		1750
726		1968		544820		1748
727		1968		545541		1750
728		1968		546264		1750
729		1968		546986		1750
730		1967		547707		1752
731		1967		548427		1752
732		1967		549147		1752
733		1967		549867		1752
734		1967		550587		1752
735		1967		551307		1752
736		1967		552027		1752
737		1967		552747		1752
738		1967		553467		1752
739		1967		554187		1752
740		1967		554907		1752
741		1967		555627		1752
742		1967		556347		1752
743		1967		557067		1752
744		1967		557787		1752
745		1967		558507		1752
746		1967		559227		1752
747		1967		559947		1752
748		1967		560667		1752
749		1966		561388		1752
750		1966		562106		1752
751		1966		562824		1752
752		1966		563542		1752
753		1966		564260		1752
754		1966		564978		1752
755		1966		565696		1752
756		1966		566414		1752
757		1966		567132		1752
758		1966		567850		1752
759		1966		568568		1752
760		1966		569286		1752
761		1966		570004		1752
762		1966		570722		1752
763		1966		571440		1752
764		1966		572158		1752
765		1966		572876		1752
766		1966		573594		1752
767		1966		574312		1752
768		1966		575030		1752
769		1966		575748		1752
770		1966		576466		1752
771		1966		577184		1752
772		1966		577902		1752
773		1966		578620		1752
774		1965		579337		1752
775		1965		580053		1752
776		1965		580769		1752
777		1965		581485		1752
778		1965		582201		1752
779		1965		582917		1752
780		1965		583633		1752
781		1965		584349		1752
782		1965		585065		1752
783		1965		585781		1752
784		1965		586497		1752
785		1965		587213		1752
786		1965		587929		1752
787		1965		588645		1752
788		1965		589361		1752
789		1965		590077		1752
790		1965		590793		1752
791		1965		591509		1752
792		1965		592225		1752
793		1965		592941		1752
794		1964		593656		1752
795		1964		594370		1752
796		1964		595084		1752
797		1964		595798		1752
798		1964		596512		1752
799		1964		597226		1752
800		1964		597940		1752
801		1964		598654		1752
802		1964		599368		1752
803		1964		600082		1752
804		1964		600796		1752
805		1964		601510		1752
806		1964		602224		1752
807		1964		602938		1752
808		1964		603652		1752
809		1964		604366		1752
810		1964		605080		1752
811		1964		605794		1752
812		1964		606508		1752
813		1964		607222		1752
814		1964		607936		1752
815		1964		608650		1752
816		1963		609365		1752
817		1963		610079		1752
818		1963		610793		1752
819		1963		611507		1752
820		1963		612221		1752
821		1963		612935		1752
822		1963		613649		1752
823		1963		614363		1752
824		1963		615077		1752
825		1963		615791		1752
826		1963		616505		1752
827		1963		617219		1752
828		1963		617933		1752
829		1963		618647		1752
830		1963		619361		1752
831		1963		620075		1752
832		1963		620789		1752
833		1963		621503		1752
834		1963		622217		1752
835		1963		622931		1752
836		1963		623645		1752
837		1963		624359		1752
838		1963		625073		1752
839		1963		625787		1752
840		1963		626501		1752
841		1962		627214		1752
842		1962		627926		1752
843		1962		628638		1752
844		1962		629350		1752
845		1962		630062		1752
846		1962		630774		1752
847		1962		631486		1752
848		1962		632198		1752
849		1962		632910		1752
850		1962		633622		1752
851		1962		634334		1752
852		1962		635046		1752
853		1962		635758		1752
854		1962		636470		1752
855		1962		637182		1752
856		1962		637894		1752
857		1962		638606		1752
858		1962		639318		1752
859		1962		640030		1752
860		1962		640742		1752
861		1962		641454		1752
862		1962		642166		1752
863		1962		642878		1752
864		1962		643590		1752
865		1962		644302		1752
866		1961		645013		1754
867		1961		645723		1754
868		1961		646433		1754
869		1961		647143		1754
870		1960		647852		1753
871		1960		648560		1753
872		1960		649268		1753
873		1960		649976		1753
874		1960		650684		1753
875		1960		651392		1753
876		1960		652100		1753
877		1960		652808		1753
878		1960		653516		1753
879		1959		654223		1755
880		1959		654929		1755
881		1959		655635		1755
882		1959		656341		1755
883		1959		657047		1755
884		1958		657754		1755
885		1958		658458		1755
886		1958		659162		1755
887		1958		659866		1755
888		1958		660570		1755
889		1958		661274		1755
890		1958		661978		1755
891		1958		662682		1755
892		1957		663387		1756
893		1957		664089		1756
894		1957		664791		1756
895		1957		665493		1756
896		1957		666195		1756
897		1957		666897		1756
898		1957		667599		1756
899		1957		668301		1756
900		1957		669003		1756
901		1957		669705		1756
902		1957		670407		1756
903		1957		671109		1756
904		1957		671811		1756
905		1957		672513		1756
906		1957		673215		1756
907		1957		673917		1756
908		1957		674619		1756
909		1957		675321		1756
910		1956		676024		1755
911		1956		676724		1755
912		1956		677424		1755
913		1956		678124		1755
914		1956		678824		1755
915		1956		679524		1755
916		1955		680223		1756
917		1955		680921		1756
918		1955		681619		1756
919		1955		682317		1756
920		1955		683015		1756
921		1955		683713		1756
922		1955		684411		1756
923		1954		685108		1754
924		1954		685804		1754
925		1954		686500		1754
926		1954		687196		1754
927		1954		687892		1754
928		1954		688588		1754
929		1954		689284		1754
930		1954		689980		1754
931		1954		690676		1754
932		1954		691372		1754
933		1954		692068		1754
934		1954		692764		1754
935		1954		693460		1754
936		1954		694156		1754
937		1953		694851		1756
938		1953		695545		1756
939		1953		696239		1756
940		1953		696933		1756
941		1953		697627		1756
942		1953		698321		1756
943		1952		699014		1755
944		1952		699706		1755
945		1952		700398		1755
946		1952		701090		1755
947		1952		701782		1755
948		1952		702474		1755
949		1951		703167		1755
950		1951		703857		1755
951		1951		704547		1755
952		1951		705237		1755
953		1951		705927		1755
954		1951		706617		1755
955		1951		707307		1755
956		1951		707997		1755
957		1951		708687		1755
958		1951		709377		1755
959		1951		710067		1755
960		1951		710757		1755
961		1951		711447		1755
962		1951		712137		1755
963		1951		712827		1755
964		1950		713516		1754
965		1949		714203		1753
966		1948		714888		1754
967		1947		715571		1753
968		1946		716252		1753
969		1945		716931		1754
970		1945		717609		1754
971		1944		718286		1755
972		1943		718961		1757
973		1942		719634		1758
974		1940		720304		1758
975		1938		720972		1758
976		1937		721635		1759
977		1937		722297		1759
978		1936		722958		1760
979		1935		723617		1761
980		1935		724275		1761
981		1934		724934		1761
982		1933		725589		1761
983		1932		726242		1761
984		1932		726894		1761
985		1932		727546		1761
986		1932		728198		1761
987		1931		728849		1761
988		1931		729499		1761
989		1930		730148		1761
990		1930		730796		1761
991		1930		731444		1761
992		1929		732091		1760
993		1926		732734		1760
994		1925		733373		1760
995		1923		734011		1762
996		1923		734645		1762
997		1922		735278		1761
998		1921		735911		1763
999		1921		736541		1763
