# Migration is number of nodes that have changed color.

Round		Edge-Cut		Swaps		Migrations		Skipped
0		8417		3877		3112
1		7200		6857		3178
2		6491		9258		3241
3		5872		11179		3245
4		5432		12950		3241
5		4964		14350		3264
6		4613		15583		3247
7		4305		16548		3225
8		4084		17421		3275
9		3876		18133		3272
10		3703		18771		3233
11		3604		19376		3269
12		3527		19922		3259
13		3405		20493		3248
14		3302		20967		3259
15		3215		21429		3253
16		3129		21860		3252
17		3040		22246		3270
18		2978		22614		3269
19		2911		22933		3278
20		2874		23243		3296
21		2851		23585		3283
22		2775		23886		3289
23		2715		24136		3298
24		2671		24371		3282
25		2631		24573		3298
26		2611		24761		3287
27		2583		25004		3288
28		2553		25197		3299
29		2527		25363		3310
30		2488		25523		3307
31		2476		25703		3296
32		2449		25855		3302
33		2420		25958		3299
34		2419		26064		3307
35		2418		26183		3306
36		2404		26299		3310
37		2386		26407		3314
38		2373		26493		3315
39		2363		26591		3317
40		2357		26691		3323
41		2350		26779		3323
42		2323		26862		3323
43		2321		26936		3318
44		2307		27000		3324
45		2305		27062		3334
46		2292		27121		3333
47		2283		27184		3333
48		2270		27237		3333
49		2276		27286		3335
50		2270		27356		3349
51		2267		27395		3347
52		2262		27432		3349
53		2257		27515		3349
54		2249		27573		3347
55		2249		27620		3353
56		2235		27682		3354
57		2240		27746		3351
58		2227		27806		3355
59		2211		27867		3358
60		2200		27934		3374
61		2191		27975		3364
62		2191		28023		3369
63		2197		28071		3369
64		2180		28129		3372
65		2172		28179		3368
66		2167		28224		3367
67		2156		28262		3370
68		2157		28297		3370
69		2146		28339		3361
70		2140		28390		3367
71		2139		28437		3367
72		2130		28491		3375
73		2120		28529		3372
74		2119		28556		3367
75		2114		28590		3367
76		2107		28623		3370
77		2108		28657		3364
78		2110		28695		3366
79		2105		28731		3363
80		2109		28775		3365
81		2104		28814		3359
82		2101		28850		3361
83		2102		28883		3361
84		2096		28917		3363
85		2098		28949		3364
86		2099		28980		3365
87		2091		29016		3364
88		2086		29042		3363
89		2077		29059		3366
90		2076		29083		3366
91		2072		29106		3363
92		2072		29124		3361
93		2068		29143		3362
94		2066		29156		3360
95		2065		29178		3363
96		2068		29202		3360
97		2067		29216		3360
98		2064		29234		3358
99		2065		29242		3364
100		2065		29257		3361
101		2059		29271		3362
102		2057		29287		3363
103		2055		29296		3366
104		2046		29306		3364
105		2043		29313		3366
106		2043		29317		3365
107		2043		29320		3364
108		2041		29328		3368
109		2042		29332		3366
110		2040		29340		3365
111		2039		29346		3365
112		2042		29352		3366
113		2044		29367		3363
114		2040		29387		3362
115		2042		29398		3360
116		2043		29411		3362
117		2036		29421		3359
118		2033		29427		3357
119		2033		29433		3359
120		2036		29440		3357
121		2034		29444		3359
122		2032		29449		3360
123		2034		29452		3360
124		2031		29453		3361
125		2030		29457		3361
126		2029		29458		3361
127		2031		29460		3360
128		2029		29463		3361
129		2027		29464		3362
130		2028		29465		3362
131		2028		29467		3362
132		2028		29468		3363
133		2029		29477		3360
134		2029		29481		3360
135		2029		29482		3361
136		2030		29490		3361
137		2030		29492		3361
138		2030		29494		3361
139		2031		29495		3362
140		2026		29502		3363
141		2026		29502		3363
142		2026		29502		3363
143		2026		29502		3363
144		2026		29502		3363
145		2026		29502		3363
146		2026		29502		3363
147		2026		29502		3363
148		2026		29502		3363
149		2026		29502		3363
150		2026		29502		3363
151		2026		29502		3363
152		2026		29502		3363
153		2026		29502		3363
154		2026		29502		3363
155		2026		29502		3363
156		2026		29502		3363
157		2026		29502		3363
158		2026		29502		3363
159		2026		29502		3363
160		2026		29502		3363
161		2026		29502		3363
162		2026		29502		3363
163		2026		29502		3363
164		2026		29502		3363
165		2026		29502		3363
166		2026		29502		3363
167		2026		29502		3363
168		2026		29502		3363
169		2026		29502		3363
170		2026		29502		3363
171		2026		29502		3363
172		2026		29502		3363
173		2026		29502		3363
174		2026		29502		3363
175		2026		29502		3363
176		2026		29502		3363
177		2026		29502		3363
178		2026		29502		3363
179		2026		29502		3363
180		2026		29502		3363
181		2026		29502		3363
182		2026		29502		3363
183		2026		29502		3363
184		2026		29502		3363
185		2026		29502		3363
186		2026		29502		3363
187		2026		29502		3363
188		2026		29502		3363
189		2026		29502		3363
190		2026		29502		3363
191		2026		29502		3363
192		2026		29502		3363
193		2026		29502		3363
194		2026		29502		3363
195		2026		29502		3363
196		2026		29502		3363
197		2026		29502		3363
198		2026		29502		3363
199		2026		29502		3363
200		2026		29502		3363
201		2026		29502		3363
202		2026		29502		3363
203		2026		29502		3363
204		2026		29502		3363
205		2026		29502		3363
206		2026		29502		3363
207		2026		29502		3363
208		2026		29502		3363
209		2026		29502		3363
210		2026		29502		3363
211		2026		29502		3363
212		2026		29502		3363
213		2026		29502		3363
214		2026		29502		3363
215		2026		29502		3363
216		2026		29502		3363
217		2026		29502		3363
218		2026		29502		3363
219		2026		29502		3363
220		2026		29502		3363
221		2026		29502		3363
222		2026		29502		3363
223		2026		29502		3363
224		2026		29502		3363
225		2026		29502		3363
226		2026		29502		3363
227		2026		29502		3363
228		2026		29502		3363
229		2026		29502		3363
230		2026		29502		3363
231		2026		29502		3363
232		2026		29502		3363
233		2026		29502		3363
234		2026		29502		3363
235		2026		29502		3363
236		2026		29502		3363
237		2026		29502		3363
238		2026		29502		3363
239		2026		29502		3363
240		2026		29502		3363
241		2026		29502		3363
242		2026		29502		3363
243		2026		29502		3363
244		2026		29502		3363
245		2026		29502		3363
246		2026		29502		3363
247		2026		29502		3363
248		2026		29502		3363
249		2026		29502		3363
250		2026		29502		3363
251		2026		29502		3363
252		2026		29502		3363
253		2026		29502		3363
254		2026		29502		3363
255		2026		29502		3363
256		2026		29502		3363
257		2026		29502		3363
258		2026		29502		3363
259		2026		29502		3363
260		2026		29502		3363
261		2026		29502		3363
262		2026		29502		3363
263		2026		29502		3363
264		2026		29502		3363
265		2026		29502		3363
266		2026		29502		3363
267		2026		29502		3363
268		2026		29502		3363
269		2026		29502		3363
270		2026		29502		3363
271		2026		29502		3363
272		2026		29502		3363
273		2026		29502		3363
274		2026		29502		3363
275		2026		29502		3363
276		2026		29502		3363
277		2026		29502		3363
278		2026		29502		3363
279		2026		29502		3363
280		2026		29502		3363
281		2026		29502		3363
282		2026		29502		3363
283		2026		29502		3363
284		2026		29502		3363
285		2026		29502		3363
286		2026		29502		3363
287		2026		29502		3363
288		2026		29502		3363
289		2026		29502		3363
290		2026		29502		3363
291		2026		29502		3363
292		2026		29502		3363
293		2026		29502		3363
294		2026		29502		3363
295		2026		29502		3363
296		2026		29502		3363
297		2026		29502		3363
298		2026		29502		3363
299		2026		29502		3363
300		2026		29502		3363
301		2026		29502		3363
302		2026		29502		3363
303		2026		29502		3363
304		2026		29502		3363
305		2026		29502		3363
306		2026		29502		3363
307		2026		29502		3363
308		2026		29502		3363
309		2026		29502		3363
310		2026		29502		3363
311		2026		29502		3363
312		2026		29502		3363
313		2026		29502		3363
314		2026		29502		3363
315		2026		29502		3363
316		2026		29502		3363
317		2026		29502		3363
318		2026		29502		3363
319		2026		29502		3363
320		2026		29502		3363
321		2026		29502		3363
322		2026		29502		3363
323		2026		29502		3363
324		2026		29502		3363
325		2026		29502		3363
326		2026		29502		3363
327		2026		29502		3363
328		2026		29502		3363
329		2026		29502		3363
330		2026		29502		3363
331		2026		29502		3363
332		2026		29502		3363
333		2026		29502		3363
334		2026		29502		3363
335		2026		29502		3363
336		2026		29502		3363
337		2026		29502		3363
338		2026		29502		3363
339		2026		29502		3363
340		2026		29502		3363
341		2026		29502		3363
342		2026		29502		3363
343		2026		29502		3363
344		2026		29502		3363
345		2026		29502		3363
346		2026		29502		3363
347		2026		29502		3363
348		2026		29502		3363
349		2026		29502		3363
350		2026		29502		3363
351		2026		29502		3363
352		2026		29502		3363
353		2026		29502		3363
354		2026		29502		3363
355		2026		29502		3363
356		2026		29502		3363
357		2026		29502		3363
358		2026		29502		3363
359		2026		29502		3363
360		2026		29502		3363
361		2026		29502		3363
362		2026		29502		3363
363		2026		29502		3363
364		2026		29502		3363
365		2026		29502		3363
366		2026		29502		3363
367		2026		29502		3363
368		2026		29502		3363
369		2026		29502		3363
370		2026		29502		3363
371		2026		29502		3363
372		2026		29502		3363
373		2026		29502		3363
374		2026		29502		3363
375		2026		29502		3363
376		2026		29502		3363
377		2026		29502		3363
378		2026		29502		3363
379		2026		29502		3363
380		2026		29502		3363
381		2026		29502		3363
382		2026		29502		3363
383		2026		29502		3363
384		2026		29502		3363
385		2026		29502		3363
386		2026		29502		3363
387		2026		29502		3363
388		2026		29502		3363
389		2026		29502		3363
390		2026		29502		3363
391		2026		29502		3363
392		2026		29502		3363
393		2026		29502		3363
394		2026		29502		3363
395		2026		29502		3363
396		2026		29502		3363
397		2026		29502		3363
398		2026		29502		3363
399		2026		29502		3363
400		2026		29502		3363
401		2026		29502		3363
402		2026		29502		3363
403		2026		29502		3363
404		2026		29502		3363
405		2026		29502		3363
406		2026		29502		3363
407		2026		29502		3363
408		2026		29502		3363
409		2026		29502		3363
410		2026		29502		3363
411		2026		29502		3363
412		2026		29502		3363
413		2026		29502		3363
414		2026		29502		3363
415		2026		29502		3363
416		2026		29502		3363
417		2026		29502		3363
418		2026		29502		3363
419		2026		29502		3363
420		2026		29502		3363
421		2026		29502		3363
422		2026		29502		3363
423		2026		29502		3363
424		2026		29502		3363
425		2026		29502		3363
426		2026		29502		3363
427		2026		29502		3363
428		2026		29502		3363
429		2026		29502		3363
430		2026		29502		3363
431		2026		29502		3363
432		2026		29502		3363
433		2026		29502		3363
434		2026		29502		3363
435		2026		29502		3363
436		2026		29502		3363
437		2026		29502		3363
438		2026		29502		3363
439		2026		29502		3363
440		2026		29502		3363
441		2026		29502		3363
442		2026		29502		3363
443		2026		29502		3363
444		2026		29502		3363
445		2026		29502		3363
446		2026		29502		3363
447		2026		29502		3363
448		2026		29502		3363
449		2026		29502		3363
450		2026		29502		3363
451		2026		29502		3363
452		2026		29502		3363
453		2026		29502		3363
454		2026		29502		3363
455		2026		29502		3363
456		2026		29502		3363
457		2026		29502		3363
458		2026		29502		3363
459		2026		29502		3363
460		2026		29502		3363
461		2026		29502		3363
462		2026		29502		3363
463		2026		29502		3363
464		2026		29502		3363
465		2026		29502		3363
466		2026		29502		3363
467		2026		29502		3363
468		2026		29502		3363
469		2026		29502		3363
470		2026		29502		3363
471		2026		29502		3363
472		2026		29502		3363
473		2026		29502		3363
474		2026		29502		3363
475		2026		29502		3363
476		2026		29502		3363
477		2026		29502		3363
478		2026		29502		3363
479		2026		29502		3363
480		2026		29502		3363
481		2026		29502		3363
482		2026		29502		3363
483		2026		29502		3363
484		2026		29502		3363
485		2026		29502		3363
486		2026		29502		3363
487		2026		29502		3363
488		2026		29502		3363
489		2026		29502		3363
490		2026		29502		3363
491		2026		29502		3363
492		2026		29502		3363
493		2026		29502		3363
494		2026		29502		3363
495		2026		29502		3363
496		2026		29502		3363
497		2026		29502		3363
498		2026		29502		3363
499		2026		29502		3363
500		2026		29502		3363
501		2026		29502		3363
502		2026		29502		3363
503		2026		29502		3363
504		2026		29502		3363
505		2026		29502		3363
506		2026		29502		3363
507		2026		29502		3363
508		2026		29502		3363
509		2026		29502		3363
510		2026		29502		3363
511		2026		29502		3363
512		2026		29502		3363
513		2026		29502		3363
514		2026		29502		3363
515		2026		29502		3363
516		2026		29502		3363
517		2026		29502		3363
518		2026		29502		3363
519		2026		29502		3363
520		2026		29502		3363
521		2026		29502		3363
522		2026		29502		3363
523		2026		29502		3363
524		2026		29502		3363
525		2026		29502		3363
526		2026		29502		3363
527		2026		29502		3363
528		2026		29502		3363
529		2026		29502		3363
530		2026		29502		3363
531		2026		29502		3363
532		2026		29502		3363
533		2026		29502		3363
534		2026		29502		3363
535		2026		29502		3363
536		2026		29502		3363
537		2026		29502		3363
538		2026		29502		3363
539		2026		29502		3363
540		2026		29502		3363
541		2026		29502		3363
542		2026		29502		3363
543		2026		29502		3363
544		2026		29502		3363
545		2026		29502		3363
546		2026		29502		3363
547		2026		29502		3363
548		2026		29502		3363
549		2026		29502		3363
550		2026		29502		3363
551		2026		29502		3363
552		2026		29502		3363
553		2026		29502		3363
554		2026		29502		3363
555		2026		29502		3363
556		2026		29502		3363
557		2026		29502		3363
558		2026		29502		3363
559		2026		29502		3363
560		2026		29502		3363
561		2026		29502		3363
562		2026		29502		3363
563		2026		29502		3363
564		2026		29502		3363
565		2026		29502		3363
566		2026		29502		3363
567		2026		29502		3363
568		2026		29502		3363
569		2026		29502		3363
570		2026		29502		3363
571		2026		29502		3363
572		2026		29502		3363
573		2026		29502		3363
574		2026		29502		3363
575		2026		29502		3363
576		2026		29502		3363
577		2026		29502		3363
578		2026		29502		3363
579		2026		29502		3363
580		2026		29502		3363
581		2026		29502		3363
582		2026		29502		3363
583		2026		29502		3363
584		2026		29502		3363
585		2026		29502		3363
586		2026		29502		3363
587		2026		29502		3363
588		2026		29502		3363
589		2026		29502		3363
590		2026		29502		3363
591		2026		29502		3363
592		2026		29502		3363
593		2026		29502		3363
594		2026		29502		3363
595		2026		29502		3363
596		2026		29502		3363
597		2026		29502		3363
598		2026		29502		3363
599		2026		29502		3363
600		2026		29502		3363
601		2026		29502		3363
602		2026		29502		3363
603		2026		29502		3363
604		2026		29502		3363
605		2026		29502		3363
606		2026		29502		3363
607		2026		29502		3363
608		2026		29502		3363
609		2026		29502		3363
610		2026		29502		3363
611		2026		29502		3363
612		2026		29502		3363
613		2026		29502		3363
614		2026		29502		3363
615		2026		29502		3363
616		2026		29502		3363
617		2026		29502		3363
618		2026		29502		3363
619		2026		29502		3363
620		2026		29502		3363
621		2026		29502		3363
622		2026		29502		3363
623		2026		29502		3363
624		2026		29502		3363
625		2026		29502		3363
626		2026		29502		3363
627		2026		29502		3363
628		2026		29502		3363
629		2026		29502		3363
630		2026		29502		3363
631		2026		29502		3363
632		2026		29502		3363
633		2026		29502		3363
634		2026		29502		3363
635		2026		29502		3363
636		2026		29502		3363
637		2026		29502		3363
638		2026		29502		3363
639		2026		29502		3363
640		2026		29502		3363
641		2026		29502		3363
642		2026		29502		3363
643		2026		29502		3363
644		2026		29502		3363
645		2026		29502		3363
646		2026		29502		3363
647		2026		29502		3363
648		2026		29502		3363
649		2026		29502		3363
650		2026		29502		3363
651		2026		29502		3363
652		2026		29502		3363
653		2026		29502		3363
654		2026		29502		3363
655		2026		29502		3363
656		2026		29502		3363
657		2026		29502		3363
658		2026		29502		3363
659		2026		29502		3363
660		2026		29502		3363
661		2026		29502		3363
662		2026		29502		3363
663		2026		29502		3363
664		2026		29502		3363
665		2026		29502		3363
666		2026		29502		3363
667		2026		29502		3363
668		2026		29502		3363
669		2026		29502		3363
670		2026		29502		3363
671		2026		29502		3363
672		2026		29502		3363
673		2026		29502		3363
674		2026		29502		3363
675		2026		29502		3363
676		2026		29502		3363
677		2026		29502		3363
678		2026		29502		3363
679		2026		29502		3363
680		2026		29502		3363
681		2026		29502		3363
682		2026		29502		3363
683		2026		29502		3363
684		2026		29502		3363
685		2026		29502		3363
686		2026		29502		3363
687		2026		29502		3363
688		2026		29502		3363
689		2026		29502		3363
690		2026		29502		3363
691		2026		29502		3363
692		2026		29502		3363
693		2026		29502		3363
694		2026		29502		3363
695		2026		29502		3363
696		2026		29502		3363
697		2026		29502		3363
698		2026		29502		3363
699		2026		29502		3363
700		2026		29502		3363
701		2026		29502		3363
702		2026		29502		3363
703		2026		29502		3363
704		2026		29502		3363
705		2026		29502		3363
706		2026		29502		3363
707		2026		29502		3363
708		2026		29502		3363
709		2026		29502		3363
710		2026		29502		3363
711		2026		29502		3363
712		2026		29502		3363
713		2026		29502		3363
714		2026		29502		3363
715		2026		29502		3363
716		2026		29502		3363
717		2026		29502		3363
718		2026		29502		3363
719		2026		29502		3363
720		2026		29502		3363
721		2026		29502		3363
722		2026		29502		3363
723		2026		29502		3363
724		2026		29502		3363
725		2026		29502		3363
726		2026		29502		3363
727		2026		29502		3363
728		2026		29502		3363
729		2026		29502		3363
730		2026		29502		3363
731		2026		29502		3363
732		2026		29502		3363
733		2026		29502		3363
734		2026		29502		3363
735		2026		29502		3363
736		2026		29502		3363
737		2026		29502		3363
738		2026		29502		3363
739		2026		29502		3363
740		2026		29502		3363
741		2026		29502		3363
742		2026		29502		3363
743		2026		29502		3363
744		2026		29502		3363
745		2026		29502		3363
746		2026		29502		3363
747		2026		29502		3363
748		2026		29502		3363
749		2026		29502		3363
750		2026		29502		3363
751		2026		29502		3363
752		2026		29502		3363
753		2026		29502		3363
754		2026		29502		3363
755		2026		29502		3363
756		2026		29502		3363
757		2026		29502		3363
758		2026		29502		3363
759		2026		29502		3363
760		2026		29502		3363
761		2026		29502		3363
762		2026		29502		3363
763		2026		29502		3363
764		2026		29502		3363
765		2026		29502		3363
766		2026		29502		3363
767		2026		29502		3363
768		2026		29502		3363
769		2026		29502		3363
770		2026		29502		3363
771		2026		29502		3363
772		2026		29502		3363
773		2026		29502		3363
774		2026		29502		3363
775		2026		29502		3363
776		2026		29502		3363
777		2026		29502		3363
778		2026		29502		3363
779		2026		29502		3363
780		2026		29502		3363
781		2026		29502		3363
782		2026		29502		3363
783		2026		29502		3363
784		2026		29502		3363
785		2026		29502		3363
786		2026		29502		3363
787		2026		29502		3363
788		2026		29502		3363
789		2026		29502		3363
790		2026		29502		3363
791		2026		29502		3363
792		2026		29502		3363
793		2026		29502		3363
794		2026		29502		3363
795		2026		29502		3363
796		2026		29502		3363
797		2026		29502		3363
798		2026		29502		3363
799		2026		29502		3363
800		2026		29502		3363
801		2026		29502		3363
802		2026		29502		3363
803		2026		29502		3363
804		2026		29502		3363
805		2026		29502		3363
806		2026		29502		3363
807		2026		29502		3363
808		2026		29502		3363
809		2026		29502		3363
810		2026		29502		3363
811		2026		29502		3363
812		2026		29502		3363
813		2026		29502		3363
814		2026		29502		3363
815		2026		29502		3363
816		2026		29502		3363
817		2026		29502		3363
818		2026		29502		3363
819		2026		29502		3363
820		2026		29502		3363
821		2026		29502		3363
822		2026		29502		3363
823		2026		29502		3363
824		2026		29502		3363
825		2026		29502		3363
826		2026		29502		3363
827		2026		29502		3363
828		2026		29502		3363
829		2026		29502		3363
830		2026		29502		3363
831		2026		29502		3363
832		2026		29502		3363
833		2026		29502		3363
834		2026		29502		3363
835		2026		29502		3363
836		2026		29502		3363
837		2026		29502		3363
838		2026		29502		3363
839		2026		29502		3363
840		2026		29502		3363
841		2026		29502		3363
842		2026		29502		3363
843		2026		29502		3363
844		2026		29502		3363
845		2026		29502		3363
846		2026		29502		3363
847		2026		29502		3363
848		2026		29502		3363
849		2026		29502		3363
850		2026		29502		3363
851		2026		29502		3363
852		2026		29502		3363
853		2026		29502		3363
854		2026		29502		3363
855		2026		29502		3363
856		2026		29502		3363
857		2026		29502		3363
858		2026		29502		3363
859		2026		29502		3363
860		2026		29502		3363
861		2026		29502		3363
862		2026		29502		3363
863		2026		29502		3363
864		2026		29502		3363
865		2026		29502		3363
866		2026		29502		3363
867		2026		29502		3363
868		2026		29502		3363
869		2026		29502		3363
870		2026		29502		3363
871		2026		29502		3363
872		2026		29502		3363
873		2026		29502		3363
874		2026		29502		3363
875		2026		29502		3363
876		2026		29502		3363
877		2026		29502		3363
878		2026		29502		3363
879		2026		29502		3363
880		2026		29502		3363
881		2026		29502		3363
882		2026		29502		3363
883		2026		29502		3363
884		2026		29502		3363
885		2026		29502		3363
886		2026		29502		3363
887		2026		29502		3363
888		2026		29502		3363
889		2026		29502		3363
890		2026		29502		3363
891		2026		29502		3363
892		2026		29502		3363
893		2026		29502		3363
894		2026		29502		3363
895		2026		29502		3363
896		2026		29502		3363
897		2026		29502		3363
898		2026		29502		3363
899		2026		29502		3363
900		2026		29502		3363
901		2026		29502		3363
902		2026		29502		3363
903		2026		29502		3363
904		2026		29502		3363
905		2026		29502		3363
906		2026		29502		3363
907		2026		29502		3363
908		2026		29502		3363
909		2026		29502		3363
910		2026		29502		3363
911		2026		29502		3363
912		2026		29502		3363
913		2026		29502		3363
914		2026		29502		3363
915		2026		29502		3363
916		2026		29502		3363
917		2026		29502		3363
918		2026		29502		3363
919		2026		29502		3363
920		2026		29502		3363
921		2026		29502		3363
922		2026		29502		3363
923		2026		29502		3363
924		2026		29502		3363
925		2026		29502		3363
926		2026		29502		3363
927		2026		29502		3363
928		2026		29502		3363
929		2026		29502		3363
930		2026		29502		3363
931		2026		29502		3363
932		2026		29502		3363
933		2026		29502		3363
934		2026		29502		3363
935		2026		29502		3363
936		2026		29502		3363
937		2026		29502		3363
938		2026		29502		3363
939		2026		29502		3363
940		2026		29502		3363
941		2026		29502		3363
942		2026		29502		3363
943		2026		29502		3363
944		2026		29502		3363
945		2026		29502		3363
946		2026		29502		3363
947		2026		29502		3363
948		2026		29502		3363
949		2026		29502		3363
950		2026		29502		3363
951		2026		29502		3363
952		2026		29502		3363
953		2026		29502		3363
954		2026		29502		3363
955		2026		29502		3363
956		2026		29502		3363
957		2026		29502		3363
958		2026		29502		3363
959		2026		29502		3363
960		2026		29502		3363
961		2026		29502		3363
962		2026		29502		3363
963		2026		29502		3363
964		2026		29502		3363
965		2026		29502		3363
966		2026		29502		3363
967		2026		29502		3363
968		2026		29502		3363
969		2026		29502		3363
970		2026		29502		3363
971		2026		29502		3363
972		2026		29502		3363
973		2026		29502		3363
974		2026		29502		3363
975		2026		29502		3363
976		2026		29502		3363
977		2026		29502		3363
978		2026		29502		3363
979		2026		29502		3363
980		2026		29502		3363
981		2026		29502		3363
982		2026		29502		3363
983		2026		29502		3363
984		2026		29502		3363
985		2026		29502		3363
986		2026		29502		3363
987		2026		29502		3363
988		2026		29502		3363
989		2026		29502		3363
990		2026		29502		3363
991		2026		29502		3363
992		2026		29502		3363
993		2026		29502		3363
994		2026		29502		3363
995		2026		29502		3363
996		2026		29502		3363
997		2026		29502		3363
998		2026		29502		3363
999		2026		29502		3363
