# Migration is number of nodes that have changed color.

Round		Edge-Cut		Swaps		Migrations		Skipped
0		4407		2264		1232
1		3705		4336		1364
2		3553		6288		1442
3		3458		8170		1503
4		3366		10031		1522
5		3300		11842		1545
6		3151		13574		1567
7		3093		15242		1573
8		3051		16888		1572
9		2975		18477		1595
10		2938		20038		1604
11		2882		21538		1606
12		2824		23028		1593
13		2779		24453		1619
14		2719		25845		1643
15		2660		27180		1652
16		2637		28502		1650
17		2608		29812		1642
18		2585		31083		1662
19		2556		32335		1663
20		2534		33554		1669
21		2505		34752		1663
22		2491		35935		1672
23		2469		37109		1668
24		2452		38250		1669
25		2439		39383		1673
26		2428		40500		1672
27		2409		41607		1676
28		2399		42684		1675
29		2371		43754		1664
30		2365		44797		1658
31		2351		45844		1670
32		2348		46873		1669
33		2345		47905		1678
34		2323		48919		1678
35		2315		49912		1682
36		2296		50890		1686
37		2290		51850		1693
38		2284		52802		1696
39		2276		53746		1691
40		2261		54679		1699
41		2251		55601		1697
42		2243		56516		1694
43		2229		57408		1697
44		2224		58300		1696
45		2220		59188		1692
46		2207		60063		1693
47		2203		60927		1691
48		2197		61789		1694
49		2190		62644		1694
50		2184		63491		1696
51		2183		64333		1690
52		2179		65167		1696
53		2179		65998		1689
54		2173		66830		1695
55		2170		67656		1693
56		2171		68476		1694
57		2165		69294		1700
58		2165		70106		1696
59		2162		70916		1700
60		2161		71717		1701
61		2159		72516		1702
62		2155		73312		1701
63		2150		74102		1703
64		2144		74885		1698
65		2137		75653		1703
66		2133		76409		1700
67		2125		77165		1702
68		2126		77915		1701
69		2122		78667		1701
70		2119		79414		1705
71		2113		80160		1700
72		2112		80897		1702
73		2112		81634		1703
74		2111		82373		1706
75		2109		83105		1704
76		2108		83836		1705
77		2104		84564		1705
78		2104		85288		1706
79		2102		86012		1706
80		2103		86735		1707
81		2100		87456		1708
82		2101		88179		1709
83		2099		88902		1706
84		2100		89624		1706
85		2097		90343		1704
86		2098		91062		1705
87		2097		91781		1704
88		2097		92499		1706
89		2095		93217		1705
90		2094		93934		1705
91		2093		94649		1704
92		2094		95364		1705
93		2093		96079		1704
94		2094		96794		1705
95		2091		97509		1702
96		2092		98222		1703
97		2090		98935		1702
98		2091		99648		1703
99		2090		100361		1702
100		2091		101074		1703
101		2090		101787		1702
102		2090		102501		1703
103		2088		103211		1704
104		2088		103921		1705
105		2087		104628		1704
106		2088		105335		1705
107		2086		106043		1704
108		2087		106748		1705
109		2086		107453		1704
110		2086		108159		1704
111		2084		108861		1702
112		2083		109560		1705
113		2082		110257		1704
114		2083		110954		1705
115		2082		111651		1704
116		2083		112348		1705
117		2082		113045		1704
118		2083		113742		1705
119		2080		114437		1704
120		2082		115132		1705
121		2081		115828		1705
122		2082		116524		1706
123		2081		117219		1705
124		2081		117914		1706
125		2080		118609		1705
126		2081		119304		1706
127		2079		119998		1707
128		2080		120691		1708
129		2079		121384		1707
130		2079		122078		1707
131		2078		122769		1706
132		2079		123460		1707
133		2078		124151		1706
134		2079		124842		1707
135		2077		125532		1706
136		2078		126221		1707
137		2077		126910		1706
138		2078		127599		1707
139		2077		128288		1706
140		2078		128977		1707
141		2076		129665		1705
142		2077		130352		1706
143		2076		131039		1705
144		2077		131726		1706
145		2076		132413		1705
146		2077		133100		1706
147		2076		133787		1705
148		2077		134474		1706
149		2075		135160		1707
150		2076		135845		1708
151		2075		136530		1707
152		2076		137215		1708
153		2074		137899		1707
154		2075		138582		1708
155		2074		139265		1707
156		2075		139948		1708
157		2074		140633		1707
158		2075		141316		1708
159		2074		141999		1707
160		2075		142682		1708
161		2074		143365		1707
162		2074		144048		1709
163		2073		144731		1708
164		2074		145414		1709
165		2073		146097		1708
166		2074		146780		1709
167		2073		147463		1708
168		2074		148146		1709
169		2072		148830		1710
170		2073		149511		1711
171		2072		150192		1710
172		2073		150873		1711
173		2072		151554		1710
174		2072		152237		1711
175		2071		152916		1710
176		2071		153594		1710
177		2070		154271		1711
178		2068		154945		1713
179		2068		155618		1710
180		2068		156291		1710
181		2068		156964		1711
182		2068		157636		1711
183		2068		158308		1711
184		2068		158980		1711
185		2068		159652		1711
186		2068		160324		1711
187		2068		160996		1711
188		2068		161668		1711
189		2068		162340		1711
190		2067		163011		1713
191		2067		163681		1713
192		2067		164351		1713
193		2067		165021		1713
194		2067		165691		1713
195		2067		166361		1713
196		2067		167031		1713
197		2067		167701		1713
198		2066		168373		1712
199		2066		169043		1712
200		2066		169713		1712
201		2066		170383		1712
202		2066		171053		1712
203		2066		171723		1712
204		2066		172393		1712
205		2066		173063		1712
206		2066		173733		1712
207		2066		174403		1712
208		2066		175073		1712
209		2066		175743		1712
210		2066		176413		1712
211		2066		177083		1712
212		2066		177753		1712
213		2066		178423		1712
214		2066		179093		1712
215		2066		179763		1712
216		2066		180433		1712
217		2066		181103		1712
218		2066		181773		1712
219		2066		182443		1712
220		2066		183113		1712
221		2066		183783		1712
222		2066		184453		1712
223		2066		185123		1712
224		2066		185793		1712
225		2066		186463		1712
226		2066		187133		1712
227		2066		187803		1712
228		2066		188473		1712
229		2066		189143		1712
230		2066		189813		1712
231		2066		190483		1712
232		2066		191153		1712
233		2066		191823		1712
234		2066		192493		1712
235		2066		193163		1712
236		2065		193832		1711
237		2065		194500		1711
238		2065		195168		1711
239		2065		195836		1711
240		2065		196504		1711
241		2065		197172		1711
242		2065		197840		1711
243		2065		198508		1711
244		2065		199176		1711
245		2065		199844		1711
246		2065		200512		1711
247		2065		201180		1711
248		2065		201848		1711
249		2065		202516		1711
250		2065		203184		1711
251		2065		203852		1711
252		2064		204521		1711
253		2064		205187		1711
254		2064		205853		1711
255		2064		206519		1711
256		2064		207185		1711
257		2064		207851		1711
258		2064		208517		1711
259		2064		209183		1711
260		2063		209848		1710
261		2063		210512		1710
262		2063		211176		1710
263		2063		211840		1710
264		2063		212504		1710
265		2063		213168		1710
266		2063		213832		1710
267		2063		214496		1710
268		2063		215160		1710
269		2063		215824		1710
270		2063		216488		1710
271		2062		217151		1711
272		2062		217813		1711
273		2062		218475		1711
274		2062		219137		1711
275		2062		219799		1711
276		2062		220461		1711
277		2061		221122		1711
278		2061		221782		1711
279		2061		222442		1711
280		2060		223101		1713
281		2060		223759		1713
282		2060		224417		1713
283		2060		225075		1713
284		2060		225733		1713
285		2059		226390		1712
286		2059		227046		1712
287		2059		227702		1712
288		2059		228358		1712
289		2059		229014		1712
290		2059		229670		1712
291		2059		230326		1712
292		2058		230981		1712
293		2058		231635		1712
294		2057		232288		1711
295		2057		232940		1711
296		2056		233591		1712
297		2056		234241		1712
298		2056		234891		1712
299		2056		235541		1712
300		2056		236191		1712
301		2056		236841		1712
302		2056		237491		1712
303		2056		238141		1712
304		2056		238791		1712
305		2056		239441		1712
306		2055		240090		1712
307		2055		240738		1712
308		2055		241386		1712
309		2055		242034		1712
310		2055		242682		1712
311		2055		243330		1712
312		2055		243978		1712
313		2055		244626		1712
314		2055		245274		1712
315		2055		245922		1712
316		2055		246570		1712
317		2055		247218		1712
318		2055		247866		1712
319		2055		248514		1712
320		2055		249162		1712
321		2055		249810		1712
322		2055		250458		1712
323		2055		251106		1712
324		2055		251754		1712
325		2055		252402		1712
326		2055		253050		1712
327		2055		253698		1712
328		2055		254346		1712
329		2055		254994		1712
330		2055		255642		1712
331		2055		256290		1712
332		2055		256938		1712
333		2055		257586		1712
334		2054		258233		1714
335		2054		258879		1714
336		2054		259525		1714
337		2054		260171		1714
338		2054		260817		1714
339		2054		261463		1714
340		2054		262109		1714
341		2054		262755		1714
342		2053		263400		1712
343		2052		264043		1713
344		2052		264685		1713
345		2052		265327		1713
346		2052		265969		1713
347		2052		266611		1713
348		2052		267253		1713
349		2052		267895		1713
350		2052		268537		1713
351		2052		269179		1713
352		2052		269821		1713
353		2052		270463		1713
354		2052		271105		1713
355		2052		271747		1713
356		2052		272389		1713
357		2052		273031		1713
358		2052		273673		1713
359		2052		274315		1713
360		2052		274957		1713
361		2052		275599		1713
362		2052		276241		1713
363		2052		276883		1713
364		2052		277525		1713
365		2052		278167		1713
366		2052		278809		1713
367		2052		279451		1713
368		2052		280093		1713
369		2052		280735		1713
370		2052		281377		1713
371		2052		282019		1713
372		2052		282661		1713
373		2052		283303		1713
374		2052		283945		1713
375		2052		284587		1713
376		2052		285229		1713
377		2052		285871		1713
378		2052		286513		1713
379		2052		287155		1713
380		2052		287797		1713
381		2052		288439		1713
382		2052		289081		1713
383		2052		289723		1713
384		2052		290365		1713
385		2052		291007		1713
386		2052		291649		1713
387		2051		292292		1713
388		2051		292932		1713
389		2050		293571		1714
390		2050		294209		1714
391		2049		294846		1713
392		2049		295482		1713
393		2049		296118		1713
394		2049		296754		1713
395		2049		297390		1713
396		2049		298026		1713
397		2049		298662		1713
398		2049		299298		1713
399		2049		299934		1713
400		2049		300570		1713
401		2049		301206		1713
402		2049		301842		1713
403		2049		302478		1713
404		2049		303114		1713
405		2049		303750		1713
406		2049		304386		1713
407		2049		305022		1713
408		2049		305658		1713
409		2048		306293		1714
410		2048		306927		1714
411		2047		307560		1714
412		2047		308192		1714
413		2047		308824		1714
414		2047		309456		1714
415		2047		310088		1714
416		2047		310720		1714
417		2047		311352		1714
418		2047		311984		1714
419		2047		312616		1714
420		2047		313248		1714
421		2047		313880		1714
422		2047		314512		1714
423		2047		315144		1714
424		2047		315776		1714
425		2047		316408		1714
426		2047		317040		1714
427		2047		317672		1714
428		2046		318305		1715
429		2046		318935		1715
430		2045		319566		1714
431		2045		320194		1714
432		2045		320822		1714
433		2045		321450		1714
434		2045		322078		1714
435		2045		322706		1714
436		2045		323334		1714
437		2045		323962		1714
438		2045		324590		1714
439		2045		325218		1714
440		2045		325846		1714
441		2045		326474		1714
442		2044		327103		1715
443		2043		327728		1713
444		2043		328352		1713
445		2043		328976		1713
446		2043		329600		1713
447		2042		330223		1714
448		2041		330844		1712
449		2040		331463		1714
450		2040		332081		1714
451		2040		332699		1714
452		2040		333317		1714
453		2039		333934		1713
454		2040		334552		1712
455		2039		335172		1712
456		2039		335790		1712
457		2039		336408		1712
458		2039		337026		1712
459		2039		337644		1712
460		2039		338262		1712
461		2039		338880		1712
462		2039		339498		1712
463		2039		340116		1712
464		2039		340734		1712
465		2039		341352		1712
466		2039		341970		1712
467		2039		342588		1712
468		2039		343206		1712
469		2039		343824		1712
470		2038		344441		1711
471		2038		345057		1711
472		2037		345672		1711
473		2037		346286		1711
474		2037		346900		1711
475		2037		347514		1711
476		2037		348128		1711
477		2037		348742		1711
478		2037		349356		1711
479		2037		349970		1711
480		2037		350584		1711
481		2037		351198		1711
482		2037		351812		1711
483		2037		352426		1711
484		2037		353040		1711
485		2037		353654		1711
486		2037		354268		1711
487		2037		354882		1711
488		2037		355496		1711
489		2037		356110		1711
490		2037		356724		1711
491		2037		357338		1711
492		2036		357951		1710
493		2036		358563		1710
494		2036		359175		1710
495		2036		359787		1710
496		2035		360398		1711
497		2035		361008		1711
498		2035		361618		1711
499		2035		362228		1711
500		2035		362838		1711
501		2035		363448		1711
502		2035		364058		1711
503		2035		364668		1711
504		2035		365278		1711
505		2035		365888		1711
506		2035		366498		1711
507		2035		367108		1711
508		2035		367718		1711
509		2035		368328		1711
510		2035		368938		1711
511		2035		369548		1711
512		2035		370158		1711
513		2035		370768		1711
514		2035		371378		1711
515		2034		371987		1710
516		2034		372595		1710
517		2033		373202		1711
518		2033		373808		1711
519		2033		374414		1711
520		2033		375020		1711
521		2033		375626		1711
522		2032		376231		1710
523		2032		376835		1710
524		2032		377439		1710
525		2032		378043		1710
526		2032		378647		1710
527		2032		379251		1710
528		2032		379855		1710
529		2031		380458		1712
530		2031		381060		1712
531		2031		381662		1712
532		2031		382264		1712
533		2031		382866		1712
534		2031		383468		1712
535		2031		384070		1712
536		2031		384672		1712
537		2031		385274		1712
538		2031		385876		1712
539		2031		386478		1712
540		2031		387080		1712
541		2031		387682		1712
542		2031		388284		1712
543		2031		388886		1712
544		2031		389488		1712
545		2031		390090		1712
546		2031		390692		1712
547		2031		391294		1712
548		2031		391896		1712
549		2031		392498		1712
550		2031		393100		1712
551		2031		393702		1712
552		2031		394304		1712
553		2031		394906		1712
554		2031		395508		1712
555		2031		396110		1712
556		2031		396712		1712
557		2031		397314		1712
558		2031		397916		1712
559		2030		398517		1711
560		2030		399117		1711
561		2030		399717		1711
562		2030		400317		1711
563		2029		400916		1712
564		2029		401514		1712
565		2029		402112		1712
566		2029		402710		1712
567		2029		403308		1712
568		2029		403906		1712
569		2029		404504		1712
570		2029		405102		1712
571		2029		405700		1712
572		2029		406298		1712
573		2029		406896		1712
574		2029		407494		1712
575		2029		408092		1712
576		2029		408690		1712
577		2029		409288		1712
578		2029		409886		1712
579		2029		410484		1712
580		2029		411082		1712
581		2029		411680		1712
582		2029		412278		1712
583		2029		412876		1712
584		2029		413474		1712
585		2028		414071		1710
586		2028		414667		1710
587		2028		415263		1710
588		2028		415859		1710
589		2028		416455		1710
590		2028		417051		1710
591		2028		417647		1710
592		2028		418243		1710
593		2028		418839		1710
594		2027		419434		1711
595		2027		420028		1711
596		2027		420622		1711
597		2027		421216		1711
598		2027		421810		1711
599		2027		422404		1711
600		2027		422998		1711
601		2027		423592		1711
602		2027		424186		1711
603		2026		424781		1711
604		2026		425373		1711
605		2026		425965		1711
606		2026		426557		1711
607		2025		427150		1712
608		2025		427740		1712
609		2025		428330		1712
610		2025		428920		1712
611		2025		429510		1712
612		2025		430100		1712
613		2025		430690		1712
614		2025		431280		1712
615		2025		431870		1712
616		2025		432460		1712
617		2025		433050		1712
618		2025		433640		1712
619		2025		434230		1712
620		2025		434820		1712
621		2025		435410		1712
622		2025		436000		1712
623		2025		436590		1712
624		2025		437180		1712
625		2025		437770		1712
626		2025		438360		1712
627		2025		438950		1712
628		2025		439540		1712
629		2025		440130		1712
630		2025		440720		1712
631		2025		441310		1712
632		2025		441900		1712
633		2025		442490		1712
634		2025		443080		1712
635		2025		443670		1712
636		2024		444259		1710
637		2024		444847		1710
638		2024		445435		1710
639		2024		446023		1710
640		2024		446611		1710
641		2024		447199		1710
642		2024		447787		1710
643		2024		448375		1710
644		2024		448963		1710
645		2024		449551		1710
646		2024		450139		1710
647		2024		450727		1710
648		2024		451315		1710
649		2024		451903		1710
650		2024		452491		1710
651		2024		453079		1710
652		2024		453667		1710
653		2024		454255		1710
654		2024		454843		1710
655		2024		455431		1710
656		2024		456019		1710
657		2024		456607		1710
658		2024		457195		1710
659		2024		457783		1710
660		2024		458371		1710
661		2024		458959		1710
662		2024		459547		1710
663		2024		460135		1710
664		2023		460722		1711
665		2023		461308		1711
666		2023		461894		1711
667		2023		462480		1711
668		2023		463066		1711
669		2022		463651		1710
670		2022		464235		1710
671		2022		464819		1710
672		2022		465403		1710
673		2022		465987		1710
674		2021		466572		1711
675		2021		467154		1711
676		2021		467736		1711
677		2021		468318		1711
678		2021		468900		1711
679		2021		469482		1711
680		2021		470064		1711
681		2021		470646		1711
682		2021		471228		1711
683		2021		471810		1711
684		2021		472392		1711
685		2021		472974		1711
686		2021		473556		1711
687		2021		474138		1711
688		2021		474720		1711
689		2021		475302		1711
690		2021		475884		1711
691		2021		476466		1711
692		2021		477048		1711
693		2021		477630		1711
694		2021		478212		1711
695		2021		478794		1711
696		2021		479376		1711
697		2021		479958		1711
698		2021		480540		1711
699		2021		481122		1711
700		2021		481704		1711
701		2021		482286		1711
702		2021		482868		1711
703		2021		483450		1711
704		2021		484032		1711
705		2021		484614		1711
706		2021		485196		1711
707		2021		485778		1711
708		2021		486360		1711
709		2021		486942		1711
710		2021		487524		1711
711		2021		488106		1711
712		2021		488688		1711
713		2021		489270		1711
714		2021		489852		1711
715		2021		490434		1711
716		2021		491016		1711
717		2021		491598		1711
718		2020		492179		1711
719		2020		492759		1711
720		2020		493339		1711
721		2020		493919		1711
722		2020		494499		1711
723		2020		495079		1711
724		2020		495659		1711
725		2020		496239		1711
726		2020		496819		1711
727		2020		497399		1711
728		2020		497979		1711
729		2020		498559		1711
730		2020		499139		1711
731		2020		499719		1711
732		2020		500299		1711
733		2020		500879		1711
734		2020		501459		1711
735		2020		502039		1711
736		2020		502619		1711
737		2020		503199		1711
738		2020		503779		1711
739		2020		504359		1711
740		2020		504939		1711
741		2020		505519		1711
742		2020		506099		1711
743		2020		506679		1711
744		2020		507259		1711
745		2020		507839		1711
746		2020		508419		1711
747		2020		508999		1711
748		2020		509579		1711
749		2020		510159		1711
750		2019		510738		1712
751		2019		511316		1712
752		2019		511894		1712
753		2019		512472		1712
754		2019		513050		1712
755		2019		513628		1712
756		2019		514206		1712
757		2019		514784		1712
758		2019		515362		1712
759		2019		515940		1712
760		2019		516518		1712
761		2019		517096		1712
762		2019		517674		1712
763		2019		518252		1712
764		2019		518830		1712
765		2019		519408		1712
766		2019		519986		1712
767		2019		520564		1712
768		2019		521142		1712
769		2019		521720		1712
770		2019		522298		1712
771		2019		522876		1712
772		2019		523454		1712
773		2019		524032		1712
774		2019		524610		1712
775		2019		525188		1712
776		2019		525766		1712
777		2018		526343		1712
778		2018		526919		1712
779		2018		527495		1712
780		2018		528071		1712
781		2018		528647		1712
782		2018		529223		1712
783		2018		529799		1712
784		2018		530375		1712
785		2018		530951		1712
786		2017		531528		1712
787		2017		532102		1712
788		2017		532676		1712
789		2017		533250		1712
790		2017		533824		1712
791		2017		534398		1712
792		2017		534972		1712
793		2017		535546		1712
794		2017		536120		1712
795		2017		536694		1712
796		2017		537268		1712
797		2017		537842		1712
798		2017		538416		1712
799		2017		538990		1712
800		2017		539564		1712
801		2017		540138		1712
802		2017		540712		1712
803		2017		541286		1712
804		2016		541859		1712
805		2016		542431		1712
806		2016		543003		1712
807		2015		543574		1712
808		2015		544144		1712
809		2015		544714		1712
810		2015		545284		1712
811		2015		545854		1712
812		2015		546424		1712
813		2015		546994		1712
814		2015		547564		1712
815		2015		548134		1712
816		2015		548704		1712
817		2015		549274		1712
818		2015		549844		1712
819		2015		550414		1712
820		2015		550984		1712
821		2015		551554		1712
822		2015		552124		1712
823		2015		552694		1712
824		2015		553264		1712
825		2015		553834		1712
826		2015		554404		1712
827		2015		554974		1712
828		2015		555544		1712
829		2015		556114		1712
830		2015		556684		1712
831		2014		557253		1710
832		2014		557821		1710
833		2014		558389		1710
834		2014		558957		1710
835		2014		559525		1710
836		2014		560093		1710
837		2014		560661		1710
838		2014		561229		1710
839		2014		561797		1710
840		2014		562365		1710
841		2014		562933		1710
842		2014		563501		1710
843		2014		564069		1710
844		2014		564637		1710
845		2014		565205		1710
846		2014		565773		1710
847		2014		566341		1710
848		2014		566909		1710
849		2014		567477		1710
850		2014		568045		1710
851		2014		568613		1710
852		2014		569181		1710
853		2014		569749		1710
854		2014		570317		1710
855		2014		570885		1710
856		2014		571453		1710
857		2014		572021		1710
858		2014		572589		1710
859		2014		573157		1710
860		2014		573725		1710
861		2014		574293		1710
862		2014		574861		1710
863		2013		575428		1711
864		2013		575994		1711
865		2013		576560		1711
866		2012		577125		1711
867		2012		577689		1711
868		2012		578253		1711
869		2012		578817		1711
870		2012		579381		1711
871		2012		579945		1711
872		2012		580509		1711
873		2012		581073		1711
874		2012		581637		1711
875		2012		582201		1711
876		2012		582765		1711
877		2012		583329		1711
878		2012		583893		1711
879		2012		584457		1711
880		2012		585021		1711
881		2012		585585		1711
882		2012		586149		1711
883		2012		586713		1711
884		2012		587277		1711
885		2012		587841		1711
886		2012		588405		1711
887		2012		588969		1711
888		2012		589533		1711
889		2012		590097		1711
890		2012		590661		1711
891		2012		591225		1711
892		2011		591788		1711
893		2011		592350		1711
894		2011		592912		1711
895		2011		593474		1711
896		2011		594036		1711
897		2011		594598		1711
898		2011		595160		1711
899		2011		595722		1711
900		2011		596284		1711
901		2011		596846		1711
902		2011		597408		1711
903		2011		597970		1711
904		2011		598532		1711
905		2011		599094		1711
906		2011		599656		1711
907		2011		600218		1711
908		2011		600780		1711
909		2011		601342		1711
910		2011		601904		1711
911		2011		602466		1711
912		2011		603028		1711
913		2011		603590		1711
914		2010		604151		1710
915		2010		604711		1710
916		2010		605271		1710
917		2010		605831		1710
918		2010		606391		1710
919		2009		606950		1711
920		2009		607508		1711
921		2009		608066		1711
922		2009		608624		1711
923		2009		609182		1711
924		2009		609740		1711
925		2009		610298		1711
926		2009		610856		1711
927		2009		611414		1711
928		2009		611972		1711
929		2009		612530		1711
930		2009		613088		1711
931		2009		613646		1711
932		2009		614204		1711
933		2009		614762		1711
934		2009		615320		1711
935		2009		615878		1711
936		2009		616436		1711
937		2009		616994		1711
938		2009		617552		1711
939		2009		618110		1711
940		2009		618668		1711
941		2009		619226		1711
942		2009		619784		1711
943		2009		620342		1711
944		2009		620900		1711
945		2009		621458		1711
946		2009		622016		1711
947		2009		622574		1711
948		2009		623132		1711
949		2009		623690		1711
950		2009		624248		1711
951		2009		624806		1711
952		2009		625364		1711
953		2009		625922		1711
954		2009		626480		1711
955		2009		627038		1711
956		2009		627596		1711
957		2009		628154		1711
958		2009		628712		1711
959		2009		629270		1711
960		2009		629828		1711
961		2009		630386		1711
962		2009		630944		1711
963		2009		631502		1711
964		2009		632060		1711
965		2009		632618		1711
966		2009		633176		1711
967		2009		633734		1711
968		2009		634292		1711
969		2009		634850		1711
970		2009		635408		1711
971		2009		635966		1711
972		2009		636524		1711
973		2009		637082		1711
974		2009		637640		1711
975		2009		638198		1711
976		2009		638756		1711
977		2009		639314		1711
978		2009		639872		1711
979		2009		640430		1711
980		2009		640988		1711
981		2009		641546		1711
982		2009		642104		1711
983		2009		642662		1711
984		2009		643220		1711
985		2009		643778		1711
986		2009		644336		1711
987		2009		644894		1711
988		2009		645452		1711
989		2009		646010		1711
990		2009		646568		1711
991		2009		647126		1711
992		2009		647684		1711
993		2009		648242		1711
994		2009		648800		1711
995		2009		649358		1711
996		2009		649916		1711
997		2009		650474		1711
998		2009		651032		1711
999		2009		651590		1711
